
2002367338
5262136857
5832608364
6088598154
1452776592
6234426622
5109489363
5858163067
2130856599
5350145425
1745917171
6506780205
6828259207
6710495225
6979604186
1991010799
5999048687
6346924674
2113348069
5671579587
6921098508
7364189614
7011721184
7414336245
7253380981
7403756882
5516268501
735139474
1599014495
5966210809
6379758668
6493118093
6484481609
5876808962
6582825891
6327949651
1270416191
7528096578
6474498746
7861478788
5825150850
5087449289
6806665096
5858877084
6849633353
5949864429
8075893048
7448305810
7582679692
7675565396
7599645796
7852871575
6975936503
7525647890
6580408456
6665884427
6291745742
2040437771
6424432663
985612253
6516484608
7049211735
5060365449
5893307435
1175191338
6978334863
7916318034
6975900132
6034102792
6884370614
7423347064
5961003962
1991047634
7527436511
7761650856
7744037039
7577021547
7253421270
1108408433
6432712065
