1631988201
6128881843
6064357929
6114458286
6015660671
5836509606
6378686771
6282246113
5938794273
5931993335
1462127457
6169424651
5788786027
5695854943
5487560298
1563080063
6179723073
6273987256
6039876071
5935284242
1809992330
5241213949
6141136045
6073922611
6109007873
6181832773
5949965639
5401182091
6363428308
5836315143
5858877084
6362626212
6043829415
5608308486
6444011129
1233068111
5898897940
6435095041
1868056012
5347619632
6554415532
6080277605
1018967481
5829974734
5364670686
5949470491
5558787291
567700232
5801724760
6450585248
1297821983
5097782023
5483002356
2140783766
1511781311
1968133223
6492676052
5287809490
5858163067
1433518893
1961669960
5620732015
5931899735
1475189653
5886250426
5350145425
6080689841
5736821282
6297807992
6165391801
1036195630
5953042745
5067342573
5049752366
6399328684
6027168230
5026116560
6046305012
531639285
6229886169
6058188920
5216978014
5899975199
5386568330
215506696
6249465719
6590008492
6503532342
1310263074
2088407619
5417145040
1779048884
2077508674
5993392315
6096312151
1406540034
5495218197
5380872510
5242622231
1100678092
1454471159
6657690544
5914920907
6363858597
5368501191
5599746590
6678970183
1321573347
7263622501
6869234597
7473417327
5798907432
6580730505
6824141152
6678595829
6984090323
6931167782
5804203135
6042414817
5851239693
6895478441
6591896605
6856264177
5202101566
6029604312
7324908747
5903949872
6991663203
7010108163
7249144887
1510815992
989865246
7105694290
5122537694
6645248716
5234264611
5905478255
6431435812
1667678984
6236784547
6073392556
5296450086
6893688596
6410360443
5382644694
5743526212
6150117369
5602212237
7064315524
7348191917
6598169380
5264022064
5764370197
5871215080
5611583286
6079386698
6740784804
5471258510
6373007353
5947301042
6565610505
7062945018
6319056270
6589295231
6903227944
7038368716
6798066908
5664574271
7491314023
6819021435
1467466588
7522386662
6360323348
7523311276
7081893690
6628453046
5121158938
6252919043
7026006711
7380216889
7232920873
6661137598
6519362002
6228988482
6841402427
7337214734
7372036919
6877304967
6840767758
5304707867
6362683998
5943347823
2047405953
6336614312
6993474834
6716778088
7211303120
5884553036
7218992282
6499821208
7116136443
6125778967
7433870438
6635953891
6384400152
6013742350
7445064552
6896793798
7539269695
6350484478
7336860869
5949887982
7102049236
1864458978
5110530240
5872049832
6576149111
6419440229
5310916747
6398272411
6412699503
1346892347
6306455624
5809026119
7105586633
6224922837
6148084969
5777960390
6359120939
6125493385
6204544023
5858586341
6273099574
5972725148
5855209926
5568519785
6321211126
6316125111
6259498669
6090278971
6366610741
6249335911
5953963157
6225209744
5995270740
707712317
5974538954
1872542810
2016611518
6090842572
2096976424
6001629483
6451336903
6480477390
5340945354
5958910864
5931405862
1450598744
5803178121
1868980515
5953919448
6617265357
7359018569
6244530482
7256145524
51620022227217496604
6023767023
5912566934
7105088288
5946489575
1224631771
1084465548
7131784796
6517856864
6128987046
2032181604
5474784011
7213828462
7176251030
7203309506
6350533681
7343325331
7270025465
7088637869
7085614954
5939206846
7418975949
7513940968
6914175087
5831053191
6987029733
7418930681
6986073854
6582692459
7186561818
6395709380
5831283381
6911456614
1733727598
7051543839
6720118193
6596525053
7083882704
6035132203
7426749372
7420630467
6948350474
5997959057
5863491643
7300437328
5214012784
7299157021
6452595887
7150309811
5935065854
6338649444
7041102750
7381704185
7386691787
6278870567
7050756591
6982113340
7146391120
7311984203
5965184628
6223700142
6385344554
6532320571
7242289690
7456220633
1408610219
6710759461
6348748110
5859721423
6135678287
5733545663
7421909523
6208618234
7132516600
5727447741
6316418831
7415969522
7356579101
7423825915
7314355377
6315571277
5867430176
7167255567
6817331623
6773755377
7211441402
5113962065
7333128182
6257908924
5566552142
7118259059
7429668261
6693995397
6858304777
6990393550
6122410720
7428135536
6324963674
7144832753
7203880763
7261802635
6064639455
7352158436
7282021772
5342850759
1012049896
6838795114
7284770906
1478763634
6917771923
7531353727
6223926487
7707466780
6508565050
6312543531
7448325603
6893802044
7255128671
1406655037
6221704205
5714573188
2022712762
6728743316
7049873029
5960301806
6307231403
6745868625
6561698006
1748106967
7500526160
7530273262
7037218209
6859663796
7527952477
6749868615
1895070152
5162944504
6686681040
6635514750
6454379810
2119958417
7225993065
1086326767
828537477
6876122854
6457853270
5943246985
6016918912
5740178280
1977636336
6371407277
6970316849
1609881765
7722101905
1308318971
8006412096
7730608049
7536922441
6783114048
6077965120
6831668413
6937285109
6414410339
5644376801
6375286133
7894446530
6123839522
7448305810
6795955126
7954354410
7246745676
7435015661
7036059525
7696038133
6871178231
6467458459
5935866009
5977517419
6385305305
6880318278
7153483545
7494106137
6533629501
5258401673
6787080384
6477863080
6459784924
7361400017
7508368471
6464750936
7341927264
5446440344
1523198472
6276651142
7629498820
5429353149
5801399538
7023062109
7485579376
6569958688
7541120136
7204137900
6710872673
7778418864
6915210390
5152381965
7139779234
7499066736
6156920155
6071318473
6846345872
6229676087
71832147387190483377
6955791396
6968579741
6511004998
710209629
5126710698
8034533253
7502863849
6640341234
6093645828
75567444985263324616
6678465426
6791486951
1859270061
7014953457
7489051278
7995075335
1842538163
7476617853
7483700387
5874020340
7781412996
7624792868
7124994122
7463331023
5868892800
6157094130
6336495728
7136836516
7374703520
7772815155
8186235577
8031787762
7595233733
6052675837
7718813042
7708757042
6368189527
6308591163
6238632774
1581311419
7535970897
6885805688
6509068050
7266352748
1059564379
6753498112
6738767075
7912730144
5988332967
7495327231
7481230723
7868683127
6250493474
6876065501
6719772717
5889247584
6824823558
7856107795
7612740023
6682103493
7271685348
6922210281
7184051419
6949226281
7939263460
5582443560
7298140326
6185925470
7675565396
7262115279
6323771511
5240681340
6043434020
1798792550
6411470411
6204959835
7717217577
5575146070
6302231602
6585291886
5565255599
20675607
7253421270
6576948952
8142010259
7601461583
7684612829
8057314093
7310543505
7543518908
6123719421
5533672297
7631737302
7801945651
7619967210
7921000456
8131890279
6086676657
7259285397
5795442785
7642432267
7120064038
7670504774
7754520940
7693798440
7022345563
5309624943
7419491579
7665306192
7994623912
7660847915
7986487266
7575184203
8094511344
7532265272
7082612633
6746874776
6728025671
7914923488
7685652109
7399564451
8164209007
5340578512
6168115575
6191904876
1312539192
6765878201
7075878569
7309275602
7513505809
5303849965
7915482017
7749751093
7294065847
6910333738
7763323497
8082818399
8162227505
5986457098
6088835979
7907860974
6302777018
7328045013
7554015571
5506253793
6378650492
8110516767
6636647702
6597955911
