
1745917171
5740565904
6107839953
5631991096
6046658097
5300495583
5679075132
5133198516
1668688308
5875635516
6128881843
6064357929
6110520173
6088598154
6114458286
5836509606
6378686771
6282246113
5938794273
5931993335
5889471095
6211321051
5908200420
5953959575
5681846091
5150790786
6196869068
1462127457
5981061286
5980483329
5862455040
6169424651
6145666160
5788786027
1134125420
6183920845
6179723073
1202223757
1823360352
5267295627
5660847217
6283775637
1139482367
5644107634
6059121473
5487560298
1230564241
6213837132
5178962675
6088355895
6238422061
5407349187
6048060376
1466017760
6273987256
1812095521
5647977069
1805293541
5603668576
5468125384
5234993035
1873034493
963403199
5847209701
5677871287
1631988201
5524273839
6046687224
1037580156
5312515953
5269787027
1761224484
5702365820
6376902880
6039876071
6066320117
5262136857
1809992330
2062840309
6045930421
5241213949
6141136045
6073922611
6109007873
6181832773
6006710517
6362626212
5177077549
1540163051
5921822638
6292111654
6205374473
2062265828
5356117078
5643396048
2027565164
5719372657
1330047630
5948923567
5762825077
1102097037
5713611266
5577773743
622064901
1419977687
1347707036
6122810644
1156718879
5726707276
1142717825
6043829415
5608308486
5379134088
5486531308
1425374900
5646732953
6442069211
5982194220
5832608364
6104359180
6444011129
1233068111
5898897940
6435095041
1868056012
5156381566
6044167247
5907207869
5134385464
1958945028
1622553731
2115978779
1851177382
609317540
2042787673
519415212
562580966
6554415532
6114177087
5957581781
5750131293
1135150479
828920195
6061032709
1159761456
5709409370
5952951123
6219794276
774634761
1452776592
6080277605
5829974734
1018967481
5364670686
5949470491
5558787291
1643080591
171317696
567700232
5801724760
1833837290
1998134864
5107401004
6450585248
5969988498
1297821983
5097782023
5345528638
5483002356
5929995035
2140783766
6200164862
5405857825
2002367338
1583135035
5383158076
5961003962
1511781311
1968133223
6127714048
1341288250
6492676052
5720795646
5462026886
1685642752
680178410
6127941696
6030762630
5287809490
6222236575
2023653135
5858163067
5738834122
5814487752
5227973872
5912256305
6287647146
1433518893
1314468993
5082176456
5196175656
6379437347
1961669960
5620732015
5931899735
6113035097
1475189653
5886250426
5352989653
5350145425
5533967770
6080689841
5736821282
6297807992
6165391801
1036195630
5953042745
5171672452
5067342573
5049752366
6399328684
6027168230
5026116560
6046305012
531639285
6058188920
5017716062
6294997754
5899975199
5386568330
215506696
6221067767
5155261599
2120465944
6249465719
6590008492
6503532342
1310263074
5616932564
2088407619
5417145040
6234426622
1779048884
5216978014
6513073052
2077508674
6023625573
1406540034
5094850677
5993392315
5495218197
5380872510
5523796113
6252301118
5242622231
5338371916
5855224191
1454518945
5961484461
5174464855
6010368018
441913280
6315685270
6084224293
5332339973
1100678092
5590101979
1454471159
6090502464
5955826053
6657690544
5914920907
6363858597
5368501191
5599746590
6678970183
5706417405
5109489363
6671369149
5184334723
5939275778
6446654533
5544933710
5736877749
5818439088
2117482831
5815368605
6506780205
5730501537
5669555892
5018149925
914298835
5809896714
2130856599
1721182667
1623346370
5853134362
1321573347
1611721321
6312873666
1979483469
6447098436
5988880310
1418234932
5546400493
1268845869
5063798096
1487730008
6339243315
5588619661
7468779460
1745917171
5740565904
6107839953
5631991096
6046658097
5300495583
5679075132
5133198516
1668688308
5875635516
6128881843
6064357929
6110520173
6088598154
6114458286
5836509606
6378686771
6282246113
5938794273
5931993335
5889471095
6211321051
5908200420
5953959575
5681846091
5150790786
6196869068
1462127457
5981061286
5980483329
5862455040
6169424651
6145666160
5788786027
1134125420
6183920845
6179723073
1202223757
1823360352
5267295627
5660847217
6283775637
1139482367
5644107634
6059121473
5487560298
1230564241
6213837132
5178962675
6088355895
6238422061
5407349187
6048060376
1466017760
6273987256
1812095521
5647977069
1805293541
5603668576
5468125384
5234993035
1873034493
963403199
5847209701
5677871287
1631988201
5524273839
6046687224
1037580156
5312515953
5269787027
1761224484
5702365820
6376902880
6039876071
6066320117
5262136857
1809992330
2062840309
6045930421
5241213949
6141136045
6073922611
6109007873
6181832773
6006710517
6362626212
5177077549
1540163051
5921822638
6292111654
6205374473
2062265828
5356117078
5643396048
2027565164
5719372657
1330047630
5948923567
5762825077
1102097037
5713611266
5577773743
622064901
1419977687
1347707036
6122810644
1156718879
5726707276
1142717825
6043829415
5608308486
5379134088
5486531308
1425374900
5646732953
6442069211
5982194220
5832608364
6104359180
6444011129
1233068111
5898897940
6435095041
1868056012
5156381566
6044167247
5907207869
5134385464
1958945028
1622553731
2115978779
1851177382
609317540
2042787673
519415212
562580966
6554415532
6114177087
5957581781
5750131293
1135150479
828920195
6061032709
1159761456
5709409370
5952951123
6219794276
774634761
1452776592
6080277605
5829974734
1018967481
5364670686
5949470491
5558787291
1643080591
171317696
567700232
5801724760
1833837290
1998134864
5107401004
6450585248
5969988498
1297821983
5097782023
5345528638
5483002356
5929995035
2140783766
6200164862
5405857825
2002367338
1583135035
5383158076
5961003962
1511781311
1968133223
6127714048
1341288250
6492676052
5720795646
5462026886
1685642752
680178410
6127941696
6030762630
5287809490
6222236575
2023653135
5858163067
5738834122
5814487752
5227973872
5912256305
6287647146
1433518893
1314468993
5082176456
5196175656
6379437347
1961669960
5620732015
5931899735
6113035097
1475189653
5886250426
5352989653
5350145425
5533967770
6080689841
5736821282
6297807992
6165391801
1036195630
5953042745
5171672452
5067342573
5049752366
6399328684
6027168230
5026116560
6046305012
531639285
6058188920
5017716062
6294997754
5899975199
5386568330
215506696
6221067767
5155261599
2120465944
6249465719
6590008492
6503532342
1310263074
5616932564
2088407619
5417145040
6234426622
1779048884
5216978014
6513073052
2077508674
6023625573
1406540034
5094850677
5993392315
5495218197
5380872510
5523796113
6252301118
5242622231
5338371916
5855224191
1454518945
5961484461
5174464855
6010368018
441913280
6315685270
6084224293
5332339973
1100678092
5590101979
1454471159
6090502464
5955826053
6657690544
5914920907
6363858597
5368501191
5599746590
6678970183
5706417405
5109489363
6671369149
5184334723
5939275778
6446654533
5544933710
5736877749
5818439088
2117482831
5815368605
6506780205
5730501537
5669555892
5018149925
914298835
5809896714
2130856599
1721182667
1623346370
5853134362
1321573347
1611721321
6312873666
1979483469
6447098436
5988880310
1418234932
5546400493
1268845869
5063798096
1487730008
6339243315
5588619661
7468779460
1745917171
5740565904
6107839953
5631991096
6046658097
5300495583
5679075132
5133198516
1668688308
5875635516
6128881843
6064357929
6110520173
6088598154
6114458286
5836509606
6378686771
6282246113
5938794273
5931993335
5889471095
6211321051
5908200420
5953959575
5681846091
5150790786
6196869068
1462127457
5981061286
5980483329
5862455040
6169424651
6145666160
5788786027
1134125420
6183920845
6179723073
1202223757
1823360352
5267295627
5660847217
6283775637
1139482367
5644107634
6059121473
5487560298
1230564241
6213837132
5178962675
6088355895
6238422061
5407349187
6048060376
1466017760
6273987256
1812095521
5647977069
1805293541
5603668576
5468125384
5234993035
1873034493
963403199
5847209701
5677871287
1631988201
5524273839
6046687224
1037580156
5312515953
5269787027
1761224484
5702365820
6376902880
6039876071
6066320117
5262136857
1809992330
2062840309
6045930421
5241213949
6141136045
6073922611
6109007873
6181832773
6006710517
6362626212
5177077549
1540163051
5921822638
6292111654
6205374473
2062265828
5356117078
5643396048
2027565164
5719372657
1330047630
5948923567
5762825077
1102097037
5713611266
5577773743
622064901
1419977687
1347707036
6122810644
1156718879
5726707276
1142717825
6043829415
5608308486
5379134088
5486531308
1425374900
5646732953
6442069211
5982194220
5832608364
6104359180
6444011129
1233068111
5898897940
6435095041
1868056012
5156381566
6044167247
5907207869
5134385464
1958945028
1622553731
2115978779
1851177382
609317540
2042787673
519415212
562580966
6554415532
6114177087
5957581781
5750131293
1135150479
828920195
6061032709
1159761456
5709409370
5952951123
6219794276
774634761
1452776592
6080277605
5829974734
1018967481
5364670686
5949470491
5558787291
1643080591
171317696
567700232
5801724760
1833837290
1998134864
5107401004
6450585248
5969988498
1297821983
5097782023
5345528638
5483002356
5929995035
2140783766
6200164862
5405857825
2002367338
1583135035
5383158076
5961003962
1511781311
1968133223
6127714048
1341288250
6492676052
5720795646
5462026886
1685642752
680178410
6127941696
6030762630
5287809490
6222236575
2023653135
5858163067
5738834122
5814487752
5227973872
5912256305
6287647146
1433518893
1314468993
5082176456
5196175656
6379437347
1961669960
5620732015
5931899735
6113035097
1475189653
5886250426
5352989653
5350145425
5533967770
6080689841
5736821282
6297807992
6165391801
1036195630
5953042745
5171672452
5067342573
5049752366
6399328684
6027168230
5026116560
6046305012
531639285
6058188920
5017716062
6294997754
5899975199
5386568330
215506696
6221067767
5155261599
2120465944
6249465719
6590008492
6503532342
1310263074
5616932564
2088407619
5417145040
6234426622
1779048884
5216978014
6513073052
2077508674
6023625573
1406540034
5094850677
5993392315
5495218197
5380872510
5523796113
6252301118
5242622231
5338371916
5855224191
1454518945
5961484461
5174464855
6010368018
441913280
6315685270
6084224293
5332339973
1100678092
5590101979
1454471159
6090502464
5955826053
6657690544
5914920907
6363858597
5368501191
5599746590
6678970183
5706417405
5109489363
6671369149
5184334723
5939275778
6446654533
5544933710
5736877749
5818439088
2117482831
5815368605
6506780205
5730501537
5669555892
5018149925
914298835
5809896714
2130856599
1721182667
1623346370
5853134362
1321573347
1611721321
6312873666
1979483469
6447098436
5988880310
1418234932
5546400493
1268845869
5063798096
1487730008
6339243315
5588619661
7468779460
1745917171
5740565904
6107839953
5631991096
6046658097
5300495583
5679075132
5133198516
1668688308
5875635516
6128881843
6064357929
6110520173
6088598154
6114458286
5836509606
6378686771
6282246113
5938794273
5931993335
5889471095
6211321051
5908200420
5953959575
5681846091
5150790786
6196869068
1462127457
5981061286
5980483329
5862455040
6169424651
6145666160
5788786027
1134125420
6183920845
6179723073
1202223757
1823360352
5267295627
5660847217
6283775637
1139482367
5644107634
6059121473
5487560298
1230564241
6213837132
5178962675
6088355895
6238422061
5407349187
6048060376
1466017760
6273987256
1812095521
5647977069
1805293541
5603668576
5468125384
5234993035
1873034493
963403199
5847209701
5677871287
1631988201
5524273839
6046687224
1037580156
5312515953
5269787027
1761224484
5702365820
6376902880
6039876071
6066320117
5262136857
1809992330
2062840309
6045930421
5241213949
6141136045
6073922611
6109007873
6181832773
6006710517
6362626212
5177077549
1685642752
5822558970
6828259207
6433625719
5901732027
5639458117
7403756882
1972244641
6710495225
6574152439
6863264550
1454810272
6161597958
6989594239
7401234292
6668622994
7389904628
1134472453
7418366391
7157597256
5285986842
7489824520
5755623819
6490826186
6986018967
7175631382
7084624218
720153998
1605604488
6674767405
5966210809
5144365174
7364189614
6582825891
6324833592
7011721184
5324830936
7282495117
6408905376
7263622501
6869234597
7473417327
5798907432
6580730505
6678595829
6824141152
6984090323
6931167782
6993619003
5804203135
6042414817
5851239693
6591896605
6856264177
6516484608
5202101566
7465062871
6727654515
6029604312
7324908747
5903949872
6991663203
7010108163
7249144887
1510815992
989865246
7105694290
6396883349
5122537694
6645248716
5234264611
5905478255
6431435812
1667678984
6236784547
6073392556
1677891142
6989091851
5296450086
6175088354
6410360443
5382644694
5650187585
6689549914
7085518097
6979604186
5720236346
5743526212
6150117369
5602212237
7064315524
7348191917
6742248904
5264022064
5764370197
6476105556
2113348069
5599589574
5871215080
5611583286
6079386698
6179902002
5972032091
6740784804
7414336245
6969598669
6872143774
5365034635
5516268501
1991010799
6121441931
5825150850
5471258510
6373007353
5947301042
6565610505
7062945018
6319056270
6589295231
5885542778
6903227944
7038368716
6922676987
6798066908
5664574271
7491314023
6819021435
7300778764
1467466588
5742721179
7522386662
6360323348
5999048687
7523311276
7081893690
7381266788
7044580781
6628453046
6522307678
7374228967
6252919043
6346924674
7297942221
5405262648
1333165526
7455116258
7139341779
5887134188
5023688215
6877304967
6840767758
6084519379
5304707867
6362683998
2047405953
6336614312
6993474834
7211303120
6716778088
5884553036
7218992282

6816105001
6013742350
7445064552
6350484478
5671579587
7413742779
5872049832
6921098508
6398272411
6420678407
5162002222
